.Random.seed <-
c(403L, 10L, -1944184945L, -1589062715L, 1373550460L, 1707296722L, 
2081793869L, -1382222329L, 2093073902L, -1720430392L, -905404469L, 
-662734295L, -1625077640L, 1845577126L, -888336447L, 635573331L, 
-2117387518L, 464936500L, 363846583L, -1222784083L, -195813180L, 
-307260182L, -1069786283L, -2004308753L, -1834294538L, -1491628512L, 
-1497836573L, -1876043647L, -1239955728L, 521266574L, -214021383L, 
-143259509L, -1078275910L, 1417675708L, 1165433087L, 574581845L, 
1252317036L, 1231783874L, 93417501L, 1784565911L, 1234955774L, 
-1253237320L, -656248421L, 710375417L, -1169924280L, 490613366L, 
-755539023L, -896074269L, -1829363022L, -389144828L, 587301959L, 
-1236380899L, -1576900204L, 440028474L, 1474867589L, -114425249L, 
-199498522L, -1966737552L, -1159055213L, -317655759L, 1328882656L, 
-1100156802L, 1614686985L, 1658875195L, 483705098L, -1238527764L, 
-1013621393L, 1237656229L, -1252402084L, 1093663794L, 1476418349L, 
718692839L, 946658574L, -240995608L, -1023509269L, 1695167881L, 
-1076165352L, 925149254L, -223162207L, 621238067L, -1920678238L, 
-53299820L, 1574034455L, -2090447859L, -1390196444L, 94627082L, 
-175143819L, -226381873L, 292024534L, 1571147904L, 245075651L, 
-1767778207L, -341399344L, 479453742L, -1110137895L, -403592213L, 
-281114022L, 2042706972L, -1690924769L, -581035659L, -1968564212L, 
-818265630L, -997139779L, 149468471L, 855816670L, -2142478568L, 
1948530299L, -1346751463L, 38642856L, -1094590890L, 987019985L, 
608598659L, 888361234L, -1145252700L, 721355879L, 166432189L, 
68636468L, 1225829530L, 224350949L, -1925911425L, 2059216390L, 
-159370864L, 1068182579L, 1718510545L, -967267968L, -1109736354L, 
1422070697L, 1375324763L, 1388506730L, -2053631220L, 905393487L, 
750022149L, 746017980L, -944781934L, 775003789L, -1172753209L, 
-220786258L, -957678584L, 1877225483L, -1201552151L, 1387668408L, 
28535910L, -577237759L, -490927213L, -659551166L, -1919159308L, 
1280753143L, 1963696621L, -1141239164L, 454739114L, 1301443093L, 
-1943695697L, 1283402934L, 317053664L, 1232307747L, -1598092991L, 
192599088L, -313717170L, 162257593L, 1717796555L, -1433081990L, 
595480188L, -344569153L, 443575189L, 1036356524L, -1499291262L, 
258991965L, 1432373847L, -1887878850L, 1666367864L, 968817243L, 
2129087929L, -157913080L, 252531382L, 224930289L, 811212835L, 
123691122L, 404259524L, -1019530105L, -461535139L, -1814802860L, 
-1517147014L, 988067781L, 231110943L, 160004262L, 1308531248L, 
145236179L, 10727153L, 531435040L, -1428064066L, 393370825L, 
-1530128773L, 1070273610L, 1630567596L, -1621677137L, -1038790811L, 
-113564388L, -111448718L, -1346247187L, -945755609L, 25119310L, 
-938144088L, -1351433045L, 1871930825L, 616802776L, 1241448582L, 
1102056801L, 1575682291L, 1821421410L, -1710044716L, -1306886953L, 
1824865997L, -771852700L, -235506614L, -530955851L, 1388760335L, 
-2001065450L, -896047936L, -1319968125L, 642641569L, -773365616L, 
-2009674898L, 1591579929L, 811853227L, -723442790L, 274135900L, 
1009687135L, -116866507L, 381323724L, 622512616L, -352035846L, 
-1566225712L, 57943340L, -1765655308L, -406027374L, -1473065888L, 
-1388685044L, 1908468448L, -1138813598L, 805377704L, 310881868L, 
1877635964L, 925384498L, 599401072L, 1812885828L, -1527658536L, 
-1748994950L, 964368944L, -1032401220L, 1842175828L, -2020929982L, 
1551589280L, -1960911684L, 821391824L, -1625329310L, 1191897064L, 
476429260L, 554446588L, -1196424206L, 488060032L, 1763320052L, 
-1744879480L, 143405370L, -110947504L, 1285038188L, -673784684L, 
1165935954L, -354110752L, -306950964L, 2077744288L, 1896709506L, 
659639528L, 766954732L, 1007659068L, -1212248974L, 860281968L, 
-1117416924L, -408709576L, -121064934L, 1736201424L, 125929020L, 
-1386815340L, -1114190718L, 1414040512L, -231837380L, 861597328L, 
-892279774L, -259837944L, -1505299316L, -1175542756L, 181579922L, 
-1501928320L, -1505461228L, 1749989160L, 11855930L, 240728272L, 
1080604780L, -371167564L, 2095819794L, -510905376L, -726678580L, 
273719776L, 1352927266L, 898082088L, 658084108L, 925090364L, 
1937873138L, 651058416L, -111118524L, -1576797096L, -2054433222L, 
1132179696L, 1839756988L, 402436628L, -1677673278L, -1777358240L, 
877216124L, -263877424L, -697317342L, 515339432L, 1528553868L, 
1465921980L, -103519182L, 1635137344L, 352498356L, 390200648L, 
-1517431110L, 22758160L, -1041991444L, 880741460L, 1012706066L, 
-1646064224L, -549832756L, -1328270496L, -124568382L, -1318116824L, 
-1607582292L, -1149547716L, 1496792946L, -1748443344L, -1887108060L, 
-510279112L, 1723229914L, -1014021232L, 115611900L, -53198444L, 
-1990425790L, -1489913344L, -159890372L, -1137153456L, 390513826L, 
181532488L, -35611124L, -227942692L, 584253522L, -1538957184L, 
-1618273452L, -1912757272L, 1569784570L, -603988144L, -1119141844L, 
-1094807180L, -6901102L, 1875526240L, -2083863412L, -1060932256L, 
-235427614L, -146636632L, 924814028L, 1917183484L, -1261510734L, 
824129520L, -835238460L, -1176479400L, 1713927546L, 1491158448L, 
934930876L, -1584268716L, -933270078L, -501859552L, 656337852L, 
-1115749296L, -719003678L, -1138343064L, -341833908L, -1897645316L, 
1219402482L, 540274944L, 1991906420L, 1923643912L, 1254279610L, 
-138774064L, -1054569492L, -1218263148L, 1555844306L, 1316685920L, 
732176716L, -1208064224L, 1109731970L, 29059560L, 135074796L, 
-1950384580L, 2084592242L, -1645420688L, 342880548L, 1515826744L, 
-940122726L, 1432958416L, -1898917444L, -358464876L, 2130843266L, 
-1072393792L, 991846204L, -257165680L, 1884304162L, -1454791160L, 
-1666353396L, -384010340L, -1168703470L, -562109568L, 1920204564L, 
1478969640L, -640540614L, 780703696L, -172733844L, 1364560948L, 
-1895467886L, -334250656L, -604810932L, 1950820832L, 703307682L, 
-1278611544L, 476771468L, -1036364868L, 320485490L, -636365840L, 
-954941372L, 1056126040L, 1529172026L, 463773808L, -1091153348L, 
316291860L, 194502338L, 1711922912L, -318614404L, 1593295056L, 
230036386L, 1229591080L, -1221221108L, -1754694724L, 1719502130L, 
1815973056L, 732593716L, -1002228024L, -978905414L, -728416112L, 
475116070L, 1082487507L, -1403190219L, -1111401582L, -770143392L, 
1221572297L, -1967855109L, 1859982796L, 265884762L, 1852688719L, 
1703221273L, -1247748562L, 372114492L, -1652477523L, 785711703L, 
-1279034464L, -705208066L, 1899889611L, 1901581773L, 957421818L, 
264842040L, 1969555681L, 1241230227L, 717967284L, 390747330L, 
1746098391L, 703145249L, -444783386L, 240611812L, 246410517L, 
1587602751L, -779470632L, -2026346250L, -461155581L, -1769798587L, 
-1692197790L, -412533808L, -1277636359L, -1739498965L, 905201052L, 
1240448458L, -1652052289L, 990883849L, -210333410L, 1628509388L, 
814956701L, 885372199L, 1032251216L, -417207826L, 1762934427L, 
1914695933L, -1966802966L, -615747448L, 405581361L, 1443236003L, 
1942551716L, 2121391442L, 1663244455L, -1191965455L, 767769654L, 
-1155353388L, -1194223515L, -2125397393L, 128343208L, 633379334L, 
-638592205L, 171036565L, -897479694L, -1956544448L, -809393751L, 
-547852261L, 1456365036L, 1775091194L, -252024273L, 327788089L, 
-1941934002L, 10688668L, -1117775347L, 161945207L, 2059947648L, 
-1600369442L, 987647915L, 511320237L, -1437428454L, 1044328920L, 
1711663681L, -1153498893L, -1099628780L, -1850337630L, 641404855L, 
1456716673L, -462116474L, 1457171396L, 1449203445L, 572564319L, 
-1443680840L, 680359062L, 1059965603L, 717597797L, 1997502850L, 
1869857520L, -80226663L, -380749173L, 933223292L, -1054859862L, 
1948792287L, -1972239511L, 190997374L, -735208596L, -1588105283L, 
-475784057L, 307081328L, -1289749746L, -1452058565L, -2103584995L, 
-1105873462L, -2076242200L, 111657425L, -775760957L, 679308484L, 
-1828965518L, -894800313L, 283741713L, 1918082966L, -1610931468L, 
-1972222843L, -20956721L, 488844488L, -1068262042L, -925171821L, 
-781049611L, 219539666L, -1343088864L, 1710479113L, 130449467L, 
1622357388L, -836047846L, 262799503L, -581249063L, -414648210L, 
1397324796L, 350677357L, 449241879L, 354009824L, -661765954L, 
-918442357L, 826537229L, -1538295494L, -185857672L, 1597451041L, 
